Count 3586, sum 8991018, start 1756008985, saved 3586
it|682 368|1177 1035|0 21|923 1382 2582 1 5|1035 2586 15082 0 21|13 13 13 1 1|
aquator|58858 77944|14770 120932|436 502|24029 75707 272525 1 30|120932 1162 25850 0 2.00646|305 972 4392 1 13|
bat|47907 33153|24147 12194|10306 5855|28176 31914 39474 1 6|12194 16443 25147 0 2|4833 5840 7976 1 6|
centaur|30533 59576|13556 62159|7112 12204|21633 55239 161827 1 22|62159 305620 1.96893e+06 0 41|3289 12285 54577 1 12|
dragon|3 8|0 31|0 0|2 5 13 2 3|31 629 14143 3 30|0 0 0 0 0|
emu|10291 14743|11156 5667|722 824|12065 13781 17227 1 3|5667 7626 11766 0 2|679 851 1235 1 4|
venus flytrap|1551 4551|768 5026|5 17|1060 3940 16334 1 8|5026 11387 51095 0 6|11 32 184 1 9|
griffin|192 670|6 870|0 7|55 198 902 1 10|870 18376 440728 1 42|1 2 4 2 2|
hobgoblin|33947 38430|31421 16066|5344 4412|31591 35822 44390 1 5|16066 65581 348935 0 8|3580 4445 6447 1 10|
ice monster|12677 34873|36211 33714|3539 9545|28434 32260 40038 1 5|33714 35992 65870 0 2|7192 9591 15457 1 8|
jabberwock|1 82|5 91|1 0|14 62 286 3 6|91 1287 21969 0 26|0 0 0 0 0|
kestral|23825 30527|20431 10542|3025 3290|24172 27640 34612 1 4|10542 22302 58954 0 4|2831 3312 4296 1 3|
leprechaun|516 2285|1572 1522|5663 24659|1042 1595 2953 1 5|1522 103 205 0 1|6855 23003 91585 1 16|
medusa|60 234|49 401|0 0|48 139 473 1 6|401 5205 82743 1 27|0 0 0 0 0|
nymph|94 1336|777 754|1151 12039|577 926 1846 1 6|754 3 9 0 0.141951|3292 11008 44724 1 21|
orc|16100 34541|17664 10609|857 1567|29889 33931 42465 1 8|10609 47104 266552 0 8|1277 1813 3725 1 14|
phantom|255 524|2347 5438|18 29|542 1819 6819 1 7|5438 48651 491303 0 17|5 21 107 1 6|
quagga|17540 25942|4072 32313|100 116|12276 24916 58256 1 10|32313 106247 454049 0 8|128 376 1606 1 11|
rattlesnake|42415 51976|40481 32856|5089 5267|29334 47920 92054 1 11|32856 58952 258030 0 6|2867 5514 13614 1 11|
slime|29495 81975|59819 40357|2250 5352|47928 79315 151691 1 14|40357 79359 184993 0 3|3123 5432 13114 1 12|
troll|7164 22497|1443 27227|59 147|5880 16734 54214 1 20|27227 295321 4.03248e+06 0 26|69 206 812 1 7|
ur-vile|795 959|45 1774|1 2|209 580 1898 1 9|1774 23839 421063 0 28|0 0 0 0 0|
vampire|70 145|74 124|2 2|37 104 324 1 5|124 508 3612 0 11|0 0 0 0 0|
wraith|3999 12708|5382 8142|20 94|4319 11645 35495 1 13|8142 24475 111381 0 6|48 186 982 1 10|
xeroc|17 129|62 73|0 0|39 99 293 1 5|73 542 4292 3 11|0 0 0 0 0|
yeti|5742 27572|5023 20994|210 704|11420 27393 74999 1 8|20994 102497 651039 0 12|305 1020 4814 1 12|
zombie|6390 29482|12840 11483|110 371|18131 29293 55917 1 14|11483 50990 287958 0 8|280 625 2149 1 11|
